image_width: 640
image_height: 480
camera_name: left
camera_matrix:
  rows: 3
  cols: 3
  data: [813.178596, 0.000000, 252.279965, 0.000000, 813.993058, 269.176757, 0.000000, 0.000000, 1.000000]
distortion_model: plumb_bob
distortion_coefficients:
  rows: 1
  cols: 5
  data: [0.162134, -0.677487, -0.000930, -0.000330, 0.000000]
rectification_matrix:
  rows: 3
  cols: 3
  data: [0.998054, -0.025718, -0.056806, 0.024307, 0.999382, -0.025389, 0.057424, 0.023959, 0.998062]
projection_matrix:
  rows: 3
  cols: 4
  data: [902.327637, 0.000000, 292.831223, 0.000000, 0.000000, 902.327637, 277.368847, 0.000000, 0.000000, 0.000000, 1.000000, 0.000000]
